   0.1580
   0.2843
   0.3847
   0.4637
   0.5252
   0.5723
   0.6075
   0.6329
   0.6504
   0.6612
   0.6667
   0.6677
   0.6650
   0.6594
   0.6512
   0.6411
   0.6293
   0.6161
   0.6017
   0.5865
   0.5705
   0.5538
   0.5367
   0.5191
   0.5012
   0.4830
   0.4645
   0.4459
   0.4271
   0.4082
   0.3892
   0.3700
   0.3508
   0.3316
   0.3123
   0.2929
   0.2736
   0.2542
   0.2347
   0.2153
   0.1958
   0.1764
   0.1569
   0.1374
   0.1179
   0.0984
   0.0789
   0.0594
   0.0399
   0.0195
